006751
002619
007541
001119
005718
001850
005039
001979
000544
002777
006346
003377
000610
001233
003464
005443
000246
003071
006303
000537
001374
001259
003051
000439
001707
003970
006018
002761
002646
004679
004979
006872
005223
004857
007162
007653
007342
000440
001408
005244
002335
002960
006264
003276
003092
006715
008645
007731
008266
001229
008037
000636
006333
005285
003604
006401
005145
003985
001067
002545
001862
001689
007861
007530
003126
001121
002390
005509
001289
005096
003636
002728
002696
008041
006152
006385
007637
000420
002263
007378
005671
007157
007468
008255
008139
002323
003942
001937
003280
001638
001543
001878
007447
004442
006600
005236
004631
007414
001980
006753
006517
000126
001085
003272
006591
007444
006403
004850
001462
000580
004648
006759
002155
005199
007625
008394
003890
007750
006382
001745
000667
004244
006592
004920
006804
004081
000776
006032
008079
005342
005297
004054
007552
000035
002029
008407
004664
006618
001165
008244
002511
000526
002913
004161
000111
008168
008625
002729
007972
002828
002911
005889
004912
003953
006219
005683
003772
007473
007179
005598
005948
008242
006789
007999
008141
002035
001787
003736
008620
000400
008357
004600
001175
003872
003989
005253
005159
006205
007571
008340
005845
005857
006739
005319
003388
003070
006667
000958
001179
006360
002520
002946
006530
004954
006832
003649
006272
001270
007663
000343
006198
005403
008335
007172
003125
003158
000180
007583
005775
000291
007189
007900
004624
001561
005865
002697
003922
006055
006344
002994
006558
000618
008527
000041
006701
004960
008744
006829
005053
001501
008503
001315
002771
006073
002837
005547
004756
005578
000494
005574
008015
000832
003147
003671
000452
005404
007009
006569
002526
003509
003783
007021
000116
007718
002386
003251
003198
000882
005752
007533
006501
008588
002096
001814
004091
001864
005445
004876
007159
007734
007466
004253
001264
000248
004263
007399
007085
003975
000395
005999
003359
004235
002607
007818
004608
000466
002784
004429
006528
006006
001103
001111
006255
006094
002775
007223
004337
007913
005101
003474
002474
003568
002271
002703
003770
001308
008513
000172
007176
004551
006756
005316
002952
005983
003323
007419
004119
007984
006265
005123
000609
003296
005441
002585
003182
003743
003148
005132
001853
007450
003508
002128
000972
003601
001112
001552
005090
008130
002663
000003
001301
007217
003428
000704
006473
006926
000483
008516
004722
000188
008429
004145
008626
007633
001382
004041
000456
008413
004426
004917
005191
003805
005881
001888
002447
007506
002475
003802
003082
005106
000337
005529
004710
007661
004287
005859
008366
002247
004678
002153
008532
001118
003575
000322
000530
002902
005505
008680
001262
000099
002640
002757
002482
003054
008309
001760
002601
004307
006722
005902
008719
003924
008735
008145
001559
002986
000015
004068
003306
006519
005033
007839
007429
003355
007822
003740
000828
006140
004114
005377
001524
004539
008246
000277
006138
003956
008157
000272
000718
006353
008751
000708
003961
000486
001606
000517
000379
002988
006339
000301
007698
006020
001710
007953
005610
006675
008559
005471
004974
001131
001607
005515
008748
004368
001363
005655
001532
008550
001325
001386
003691
006330
007449
008083
008438
008449
003129
001016
006227
000697
005821
004864
001734
000774
005190
003724
002973
006502
000545
007899
006886
003646
000496
008717
003283
002823
008087
002319
005268
004519
000226
004763
006426
002306
002765
000447
007542
004049
006150
003328
007281
001851
006560
007655
003387
008179
006814
004301
002691
008522
007011
000233
006774
005560
004160
004973
000169
005292
007108
003689
004583
002596
002426
000720
002734
003537
008289
005442
003921
004846
004182
000536
003034
008792
001048
004766
002620
006231
005193
004937
007867
003808
006836
005069
001622
002919
003594
000269
002695
001569
005939
002558
004822
007724
003203
001769
005783
000245
003710
000586
007659
008539
003871
004373
005863
001793
005827
004785
006474
004995
007816
002871
005945
001074
008696
007140
000033
007600
000288
007779
008364
004451
006471
005413
001322
002616
007456
001590
002555
006184
006724
008337
001057
005842
000055
001011
006995
008604
005673
006912
002634
003213
008575
007846
001529
004733
007148
003183
005485
006738
000689
001908
000149
003410
002166
000797
005221
002114
007565
006993
003818
000666
003244
008392
005261
005209
000928
005589
002226
003443
003590
004830
001661
002309
002453
007261
004820
008667
000908
003495
003609
000185
000020
003006
000232
006595
001539
000450
007077
003391
003065
002167
005994
003972
008205
000336
006515
006786
005384
003392
002135
002803
003993
003608
003696
005926
004764
007919
004203
003693
003857
008494
007131
003600
003512
001777
007814
007528
000112
005712
008048
004663
002209
000052
002713
005987
002395
007457
002351
003139
002534
002487
001218
003115
001697
006377
002672
000152
000268
006895
006901
001608
002657
000477
001830
001940
005084
002581
006323
003652
002357
005744
008018
004774
004206
005286
008051
002567
000598
008220
004893
007878
003111
004089
000935
005728
000627
000225
002909
001663
008678
004428
005925
007470
004220
003208
004106
002661
004843
007759
004832
001759
007130
002877
002340
003232
000687
000008
008372
000214
006785
006868
003998
007193
005906
005146
008023
003669
007199
001004
005284
001215
005361
003810
006031
007479
005327
008039
000122
008367
004724
003063
005981
003332
005510
008043
007477
007225
002808
004560
007370
005189
008806
008631
004634
000719
002685
003200
006760
000176
008639
001194
004594
007307
004938
005825
001719
007244
000475
008484
007534
000594
001718
001106
004691
006472
000555
002403
003706
006741
004043
002814
006347
005876
002628
003329
005741
003507
000982
003429
006259
000361
005584
006082
005937
008479
007606
008254
004699
005073
005551
001643
000865
004605
006457
004955
001040
001899
002322
004524
002084
008163
004935
004285
005267
003238
004420
004748
000296
001152
000130
007187
000860
005980
006216
001115
007277
005530
002478
000659
002208
002299
004450
008325
000684
000473
008545
006656
001505
008477
002119
004908
002363
005071
001973
001387
003018
006491
006992
000665
006890
007815
008086
008315
005975
002849
000476
006657
007417
004834
005380
006847
005909
007286
006054
003688
001246
003194
000139
002437
006389
005105
002364
000652
008652
001645
005735
007585
007232
002493
007262
005340
007424
002171
007872
004360
006001
000084
005753
008520
004296
008273
002610
006090
007412
001749
008720
003804
002052
000760
001098
002518
001726
001268
000976
008701
001257
004897
006459
003588
005639
003811
007561
005871
003955
003882
001819
005587
004155
005916
008233
005233
000941
003898
006041
000359
004150
008199
000251
005487
005365
001784
004331
005674
002609
003210
007276
005278
008592
001413
000079
006060
003705
007733
008582
006439
008654
003407
006859
004326
001354
000814
008580
001470
002121
001343
005710
007491
000750
004946
004274
002354
008112
007023
000897
003413
001478
001593
000606
007406
004765
001936
003936
005936
008778
001130
008088
005280
004042
006565
008263
001665
005214
008346
001610
003852
006199
004136
005766
003247
005282
002473
004078
000925
006345
005637
003049
000320
005738
006688
003610
001555
003944
006548
007115
003445
004863
000105
001642
005269
000738
004334
001158
002143
004132
003140
006754
007122
002869
004986
004129
006355
003816
000446
002185
002330
005533
002422
002229
006883
004117
004214
003102
008746
008437
000471
007889
007827
002489
003488
005514
001481
005575
008799
004411
006571
002369
000096
006420
001247
006813
002277
001554
004571
003104
000625
003571
000006
001447
006857
005940
002107
001959
001968
001167
007071
008565
003002
008420
002445
000612
006524
001856
005663
003645
007279
004550
004032
001303
000209
002768
001909
005180
001149
004158
001168
004795
001170
001947
004996
007487
002632
000546
003625
006970
005163
007306
000358
008387
000737
000075
006108
003151
006844
000887
006468
007745
007516
004862
007610
001110
002977
003894
003319
006717
002388
007196
001125
002824
007001
007481
001713
002308
004537
000317
006780
007291
005787
003248
006775
001951
004201
005675
002298
003153
004803
006362
000031
002253
003725
003814
006539
006114
003903
008378
003373
002314
003605
000448
000991
000566
006169
008519
000844
006957
005232
003333
000786
003587
006072
001604
001782
004867
007515
005512
001723
003489
000721
004909
006975
000204
005341
005961
000686
001637
006429
005400
007027
004147
002753
005436
003534
001026
004568
005612
003067
007119
008217
006904
006291
006467
005242
007690
003003
008686
000986
006894
008549
001356
005599
005283
002136
003721
004987
000954
002302
001877
003078
005613
001905
000071
003988
001848
005576
005495
003258
006916
004993
002698
002140
006888
003261
002060
000601
007182
003398
008126
007647
000103
006116
005664
007492
004408
000380
004179
000784
008299
000683
005040
007555
003187
000773
004502
007673
005774
000577
006644
000098
007265
004823
008561
002203
007493
004167
000482
002883
001735
007229
006633
003735
000676
005213
005625
003350
002257
007396
002344
002178
005085
005868
008344
008013
001416
001742
008791
007629
006376
004458
001151
003177
005790
007287
006622
007331
002144
002907
003902
000975
006053
002747
001430
005183
003098
008314
005418
002515
004006
008280
007756
008056
000951
000050
006837
005732
000266
008649
004172
004553
000150
000369
000826
001829
008225
006744
004650
006864
007269
000792
006241
004555
008504
007971
003099
002522
008447
003174
003295
008464
006819
007105
004902
001148
007047
006143
004892
005747
007488
000437
004573
001614
003540
001033
001250
006584
007446
000639
003793
006123
008543
005950
008498
007072
003097
006349
002959
000825
005904
000932
002550
003432
003118
004952
004457
006798
000880
002083
007014
006710
000998
000903
001104
002139
007563
000461
001054
008788
002385
004443
001078
008727
008408
004916
000804
000280
004472
006749
007868
003211
007582
006680
006091
002597
001640
003043
007992
002505
000109
005597
005500
007748
002402
003792
003579
003641
001666
002265
005927
007150
004800
000712
002561
004312
002897
007146
007862
006608
003217
006532
000074
003404
001635
002530
005561
006252
001253
004961
005077
006240
008741
007087
007909
002655
008317
005115
007850
005899
008215
007917
002822
001254
004098
006683
001722
007715
000948
003822
007813
004925
008694
002790
001657
001192
003651
001169
007142
003999
007811
005653
006101
007877
001321
003614
005559
006292
006938
007242
007593
003964
007597
007560
003697
003897
007362
007767
004474
003863
002286
005900
006470
001984
007490
001427
006381
007404
002508
005398
007676
008718
008444
001013
006287
007324
002047
000145
006718
004840
003682
005781
006761
007031
001418
006418
007697
008648
006105
003925
001453
002123
004589
008374
000445
004500
008803
000867
007628
001589
002584
003667
003234
005288
005425
003454
008363
000377
004632
008476
008589
007042
004626
000281
007405
004879
003396
005882
001059
006202
004325
004317
000014
004064
005001
006752
005414
008651
001123
008579
003490
006546
004467
006831
005594
003162
000876
005028
008349
006696
007237
000587
007510
007802
006133
005172
007667
005196
003033
007532
003461
008108
008040
006596
000257
002992
007679
006727
003933
004164
000239
002506
007040
006230
003440
006969
001025
004588
004616
001073
007390
004374
005017
005624
006481
006659
007566
005070
002826
006110
008795
004498
001868
008506
003550
001407
000805
007044
000095
003971
008619
008646
002680
007615
001456
004577
008181
007776
004388
002190
006383
002316
003052
008359
000692
006485
006296
001563
002791
003090
006409
004370
001921
008291
002321
006693
000194
000034
003400
003767
004548
006556
001991
004144
007639
006796
003255
004860
002126
003229
000839
001953
003380
007781
002715
008469
000070
006910
000135
001826
007454
002267
000849
007250
007691
001455
007828
004168
002256
004072
002417
000911
006493
008090
008475
001653
000047
003341
002065
000278
003457
005437
001627
000196
006040
005788
008591
006586
003775
007075
001737
003127
004818
004047
002563
007020
006419
000963
008497
006017
002779
001162
008323
002176
008077
001683
007209
002998
000502
008511
000516
005045
005685
008300
003493
002327
001326
006668
001278
003254
002068
007088
001142
004677
002163
007069
006762
003425
001526
002621
002058
003516
002875
006944
002204
000300
001255
001426
004324
006559
004665
008502
007705
002391
001584
008596
005609
002353
002072
002756
005444
007950
008776
005081
005860
002559
001954
006818
003675
000089
005066
003563
008467
007369
007465
005294
006860
006305
004227
003246
001882
003465
004541
001378
003899
005717
007063
004107
005204
004015
000311
007060
006570
008722
006642
008488
000788
005050
004962
004039
007956
006146
005920
001154
000730
005465
004732
000215
008672
008662
002751
000682
006483
000632
005789
005652
000474
004739
005719
005941
006788
004174
000341
002899
003585
007363
003738
006654
004057
001970
003308
008721
005823
006350
008308
006977
006234
007965
000638
008603
003564
001100
004262
005406
002538
008712
002681
004131
008338
007780
001930
000886
008528
000835
001939
003297
006677
004036
007210
007082
008313
008153
004050
004154
001431
001943
001537
001600
002868
008262
008358
002711
003932
005317
008123
000506
006627
004842
001051
005798
007788
005153
001774
004572
005932
005482
007638
006971
005368
003690
000151
006443
000927
007116
004265
001285
004708
003394
002788
001534
006535
000401
004143
006676
001319
007809
002923
000013
006604
002228
002958
002746
007387
007186
005535
003974
004697
004392
004771
004903
007316
000258
007924
000454
002880
007222
002483
006206
007757
008542
001031
003091
004415
008182
006773
000767
007650
004601
000087
002904
000022
000725
004957
002908
006962
001752
007096
006678
004347
007482
002016
004211
007247
001457
000072
000011
001353
000794
008456
001801
008767
000629
006192
004048
003888
001965
002996
005772
008683
000711
004821
006268
004463
006422
000428
005803
002090
006051
002356
007065
003581
006629
005217
005965
008214
003727
003393
004812
008342
007165
004942
004413
000831
004563
006134
008102
001293
003655
002798
007341
003290
002443
001730
006606
002738
007658
007375
004868
000978
000195
000681
004011
006573
003451
005165
007191
002221
007327
001072
005878
006087
001861
000053
003303
006643
007212
001724
002061
008524
007282
001626
007520
006338
007398
004485
008197
004538
000775
007648
004240
008129
008802
007093
007166
005035
007596
000512
008311
006028
000271
006250
003013
007665
003456
004507
001797
001806
007100
000016
005399
008671
007810
007235
003339
001963
007786
004543
004704
001365
007389
006139
006045
001375
002496
007916
005524
003403
007873
006529
001095
001091
000500
000531
000229
004314
005620
008664
003441
000906
003227
002367
003969
005119
002078
000558
006048
007870
004092
004528
007730
002650
008125
008024
002270
000955
005407
001750
005164
007496
001092
000862
008384
003074
000871
003446
006645
003499
000670
002146
001180
003997
003484
004652
007104
002081
005367
002054
003991
007441
006233
007113
000411
006057
008770
000186
007313
002164
006768
001405
007091
001556
001630
003653
004345
003000
004776
008758
003438
001036
002782
007737
001684
001199
006049
003353
006856
006745
002971
000438
003979
001889
004278
000426
004789
001410
008551
000276
001516
004770
008012
002162
008116
008236
003602
006025
003554
002224
007775
004612
003951
008466
002129
004243
001450
005630
003149
001385
004866
003444
006407
006594
007300
007687
005843
003378
000123
007257
004310
007588
008807
006352
002864
006808
001313
004323
004783
008258
005020
001022
003057
004437
002801
007826
008448
007048
004269
000081
003870
004775
006669
001810
004787
006907
003914
005029
001902
000360
002236
004128
005518
005566
004070
004389
008326
003085
005440
002056
005037
003372
004367
000485
007866
004919
005118
001613
001207
007741
000190
005722
006755
006160
004875
007094
008154
005155
003040
001508
006870
003312
004108
005003
006164
005555
001880
004511
007627
006989
002212
002603
006320
008310
007364
000858
008272
004515
004096
005355
003777
001082
007934
002009
005167
002858
000174
005930
003830
004302
005959
002647
004941
005740
008151
001477
005186
001198
006044
000990
003421
005113
003021
001120
000397
006924
002244
007795
005224
005300
002317
008679
004185
006990
008021
002127
001043
007643
004479
008167
006024
004209
008525
006976
002254
007252
000203
005079
008414
004183
005913
005943
000547
000422
002287
008256
000018
001248
000827
006201
007837
001502
004758
006922
004439
002471
000032
008007
004715
001869
007841
000171
008773
007672
007053
008196
007892
007897
006927
004454
004661
004218
006325
008635
004730
001831
004060
006791
004918
002063
008705
008035
005540
004350
000131
008341
004013
008423
008417
002397
004192
008135
005697
004221
003199
005197
000779
003028
002872
007081
000754
006151
005646
005074
005173
002300
001756
007602
005449
001193
000763
002848
000680
001102
007434
005822
002989
007911
002750
001299
003191
002355
005114
006269
000842
008390
002731
001201
002677
002726
005834
007121
008434
001345
008239
007874
001412
005051
006430
001528
006684
004495
000240
002888
000926
005463
002104
004969
005154
002551
005527
006905
003788
006816
004313
007778
002448
002625
008590
000036
003095
002863
000443
002005
002376
008085
007784
005243
002844
003873
001097
001692
008243
007685
002450
006016
007570
006939
006610
003514
005256
001703
000938
005230
007278
004391
007380
001274
002028
001069
005238
007521
007961
002933
006311
001582
005346
000759
000241
003315
002177
002716
007427
000279
006682
000346
004607
008610
005785
000219
003684
006880
000890
007539
002480
007016
006033
002067
001952
004815
007598
007732
003397
007926
007901
008059
005820
000396
000762
002305
008531
001107
005332
001929
001012
002800
007514
002937
008016
005552
000714
007885
004033
008386
000900
005714
000462
002042
002498
003966
005935
008175
001911
005556
004958
005831
004575
004788
004809
008076
001523
003401
007280
004956
001135
000584
000097
006779
000119
003529
003038
008431
000344
004755
001217
004682
008562
007151
004687
006547
007348
003753
007462
008219
003856
004292
002927
007485
002138
006743
008693
001139
006023
001874
004923
007548
001705
004647
004162
004641
007384
004239
006163
007949
000742
007517
006673
006725
000971
007213
008050
003204
007546
003622
003345
006081
006137
005306
001046
006431
000823
001839
003497
000761
003471
007355
004087
007274
004933
000143
003795
001202
003368
000101
007970
004884
001007
000179
000491
008733
008593
005963
005307
003268
002531
004257
003624
002876
003435
002239
002874
006187
000723
003826
004352
005644
006555
006029
003195
005125
003193
008206
002878
002653
003216
008152
003728
005136
008158
008101
007765
008663
007177
006197
007719
005756
008411
007006
006298
001222
002795
001867
004304
002940
000921
007175
008616
006953
007666
000847
002602
003867
004406
001587
006170
001972
008379
003134
000365
007908
007845
000092
002414
005048
003184
008691
008688
004858
008517
001580
003995
005676
002772
002861
003005
006424
008227
006661
001574
002554
000060
008336
000398
004275
005924
003039
004768
008570
005166
002488
008071
005393
000902
005648
005187
008490
003109
002591
002103
006434
000134
002905
003056
001629
003311
003834
003206
001891
004562
001949
000110
001070
008614
003687
007352
007831
007869
000088
004390
008804
000877
003240
001414
002093
005005
004692
002455
004309
003917
001809
000323
003379
006959
003679
002626
004100
000153
003020
002092
000488
001393
006121
006030
003030
000316
001946
004688
003543
006002
002794
002490
004584
000181
005642
002763
003603
005239
003108
003299
003582
006687
006824
008265
005704
008553
007347
006306
001739
007117
007854
005248
005835
005884
006783
008794
002041
003395
004157
005410
001873
007747
004627
004196
001009
000654
003406
005325
007803
000085
006511
008426
000222
000027
005867
001128
003821
000331
007883
005885
005374
002400
005838
006509
005127
003868
001156
001291
006405
008245
001403
002440
007525
007859
008204
005370
006083
004371
006248
008425
002514
003644
004460
002921
007138
007245
003498
000218
000693
001468
008380
003862
005563
001558
008052
005290
006458
008541
000107
003763
008117
007489
004067
006490
004801
002881
004494
005840
003648
004396
005491
002380
005691
007203
006186
001113
002918
004014
005918
005811
001244
004403
000313
005804
003286
004707
001240
006079
007523
004499
003576
008763
006750
001611
005585
004859
000840
000707
005654
004465
002346
006777
008764
002222
006802
004084
002879
008089
002577
006913
002778
001837
008253
005372
006925
002898
001488
000744
008057
007918
007484
003060
004668
000497
001871
004581
000315
005764
006664
007834
008222
001090
006157
006013
006624
007437
005354
008329
007531
006037
002825
002853
005593
003613
004097
006544
000881
004719
004311
002345
005126
001422
001235
001023
007275
001480
003823
003214
003946
003225
001595
008237
008535
004847
000588
005979
002912
003611
003686
003192
005748
007796
006636
000923
002003
007476
007695
002416
004636
000191
006462
006858
005986
002622
005049
001931
005093
001337
005922
001388
000688
003797
007145
006505
004982
002272
000007
004080
005086
005060
003548
001296
005543
008073
002985
007851
002975
008095
008752
004256
004283
005433
006933
001571
005072
004291
000267
006393
000780
007974
000799
006552
003713
003658
001762
006987
008533
007712
004772
008658
002407
001371
002425
002436
003633
001820
005151
003812
003846
003853
007366
008275
005321
002820
004260
001513
001066
005953
003415
001922
002587
001648
006173
004556
003663
003574
001002
002618
000739
001300
007547
006064
005472
007616
008140
005258
008775
008673
003284
006253
006316
007330
001646
007224
001232
003612
007915
006757
003905
005921
004385
002612
002802
001143
008074
003607
008628
003185
003748
005778
000715
006329
006446
000425
004525
000678
006854
003798
003799
006996
002536
004597
006504
001402
002892
005130
003226
006602
001961
007849
001034
007791
002038
003175
006732
002916
004376
002665
003769
001290
005351
000746
004151
003084
001786
007409
001650
001263
000961
003839
007793
003875
003539
006873
005621
005439
004430
001790
008473
003533
003105
004453
004216
004122
005903
003288
000766
002809
001796
004133
007640
003756
008228
000330
007032
007079
000895
003231
004673
002604
000509
002113
005018
007951
005854
003632
003708
006549
001538
003455
002957
007910
007055
001894
002198
002744
004642
007642
001967
007556
006171
007325
005579
007603
004405
003096
003938
007350
002928
008287
007858
004639
003228
006731
003789
006275
007436
007295
007422
003419
003990
007372
005486
004558
001493
000252
005008
003044
000907
002873
003169
007143
008065
002652
004618
005227
007066
006309
000421
003664
006853
003196
008482
005765
008034
004088
002724
006554
001915
004053
000306
000056
001417
007572
000389
007996
008793
004449
000472
006632
007702
008772
003931
007812
004419
002142
001804
006220
006830
006022
000374
006704
003137
007670
006449
001998
007267
002669
003460
003201
008165
005618
000356
007903
008269
004382
000658
001144
006500
007385
007586
006249
001662
004727
000444
005699
005839
003417
005938
005796
002831
006567
004279
006585
007865
004445
008653
003595
001846
005849
004051
006855
003449
001519
000543
007545
005345
004306
008435
002943
002885
007805
001531
004071
006482
002415
002792
006583
006951
003324
004852
002760
000415
005389
004226
008608
001512
008761
000125
007840
002184
000837
008328
004531
002193
000790
004059
005894
005397
006214
004286
007272
005178
005391
001260
001983
008634
000671
005508
003338
006542
002201
004395
004967
008020
003556
004199
002599
003593
006487
006085
005456
000716
002080
008138
001729
004466
004773
005730
004947
003124
007174
005318
002418
006212
003055
007036
008745
002170
000642
002018
004335
001134
003552
003144
003858
000532
002570
004878
000576
004827
004759
005148
006721
004975
006263
000650
008293
008066
001890
008552
008708
000999
008515
001141
005424
000417
004794
001496
007564
005415
005431
001685
001835
004125
004327
008026
004197
001857
005097
000390
006277
007248
006578
004714
000919
003434
007183
000591
000436
005907
003130
001895
003079
003486
001237
007758
007857
008080
005879
000663
005211
004932
006067
005557
001612
008493
002360
004339
008424
004554
008009
004855
000199
006071
005446
000431
006536
005957
001234
001443
002465
007736
006716
008510
008796
007689
007896
004215
008381
007508
004023
003836
006945
007041
004008
006666
007086
006099
005616
001399
001068
006623
002075
005989
008049
001500
004075
008042
003900
007373
003068
001652
004559
005291
004400
002161
007219
003619
000012
006934
005976
000449
008725
004447
005891
008445
002931
005720
004802
006358
003101
008060
006653
007270
004836
008674
005450
003707
000069
008526
001400
007126
004839
007852
000807
002347
006475
001649
000617
007448
007319
005100
007700
000664
002717
005489
003638
003014
006954
004166
007704
007614
005776
007013
002431
003845
002108
001748
007365
003310
006621
001535
001709
003730
000912
003673
002365
005378
004965
003320
008514
006574
006119
008044
001838
003473
007051
002580
008702
002614
001596
002116
006948
006092
005721
002275
006620
000307
004549
002666
005234
008656
002318
007137
008350
000460
006258
003123
000674
008736
007843
004501
001306
008760
000138
000637
007005
007440
002860
008122
001328
000507
008440
002770
006639
003458
000899
007578
008212
004845
000997
005799
002579
000964
001161
001439
006486
003375
007573
001001
004069
003681
006289
005770
004655
001316
001712
005134
002341
002539
006324
003190
004747
004831
000602
003996
002730
004633
001624
005298
008779
006149
000058
000514
002260
006363
004473
007960
001280
001720
006322
005058
006168
003077
002326
004744
007619
003179
003122
000685
006408
005208
005591
001381
005194
000223
001680
004305
005962
003973
000736
003923
002421
007012
000284
003731
006964
000463
004999
005201
000581
008339
008508
005065
000960
003893
001114
008053
004398
004596
003361
008235
001395
002850
007674
004484
005273
006223
005807
000148
003207
000981
005312
005254
002810
001982
002741
001442
008286
001027
000513
007495
001191
003918
007022
002070
001881
006440
003831
003861
008028
000657
004427
008356
005247
005329
003269
003411
000812
006793
006484
007107
008067
001694
003256
006985
000758
004342
006697
004181
007762
003573
007290
004529
004464
006979
000648
004375
002189
002627
007097
003357
004526
001406
007198
002721
000548
002131
006145
005240
003578
002240
003877
006736
006052
005102
007790
000329
002774
001053
005075
008198
003592
007940
008113
003492
007271
005531
003273
002855
004790
005363
001384
005168
007604
008564
001942
006063
007864
004148
007709
006700
001903
000393
003741
006035
007641
001623
000915
000418
005571
007591
000802
002001
003245
006821
008427
002700
007952
005686
002793
007358
006284
003589
005647
005043
005484
002310
008443
004819
007090
008730
005228
001460
007255
008226
002049
007717
007411
002532
001892
008019
002011
004784
006122
001938
005793
006290
005098
005723
000889
000801
002413
001789
006293
005339
005497
007500
005701
006958
004603
005304
001767
008756
000392
008780
003260
000872
005062
004700
000504
003314
005929
000875
001429
001904
002278
005152
003943
007590
003859
004103
005565
007668
001304
005334
005993
002564
004883
004711
007078
000796
005276
003022
003598
002401
008568
008118
002133
006746
005046
004907
005687
006080
007076
006983
004315
003016
000419
002338
000265
002611
008457
006694
001196
006404
001883
007214
004448
005343
001187
007995
007309
001920
001765
004101
003209
008785
003045
001664
007716
002235
001006
004717
005984
001641
005746
008724
006480
008605
000809
003910
007317
000093
007969
008465
005572
008296
002343
006842
003952
003037
000620
001423
003528
002294
006748
005144
001391
008743
002457
004222
005690
007003
003549
003906
003596
005117
005716
008600
004829
007452
001452
001682
004000
001083
003086
003510
001601
006421
001252
008192
002311
005526
000024
003103
003912
002268
003765
005010
008230
006182
002843
006372
007310
001146
001568
005315
002130
003046
003714
002785
004991
007618
006213
001615
003618
008375
007043
007744
002910
003066
004645
002088
006109
007236
000442
008762
007729
004208
008327
001050
005743
000076
008348
002000
002464
004676
002243
001859
003467
000583
005632
007381
001015
001485
001771
000604
005087
000192
006314
007688
004899
004891
008450
004422
003626
007527
008405
001205
002057
008064
004486
006118
007220
004737
002283
005971
007975
007067
001783
001282
003431
004086
000057
001292
007829
000677
003423
006660
008738
008556
007141
006903
000957
008704
007976
001598
007773
005595
002638
002173
007351
008624
004521
000297
005702
003948
004869
004358
001944
001370
008800
002963
002246
007298
004178
002117
005808
004712
000355
007764
002786
003766
007056
006384
004297
005658
005483
002122
007156
005016
002420
003838
000655
000048
001686
007912
001459
000987
008003
005416
003165
007739
005027
002668
001336
002651
006117
005479
007749
003555
004194
002486
008749
006550
002658
003570
001311
007371
005954
003662
006209
007333
008757
005643
006190
004796
007293
000064
005864
001932
002109
005038
000402
000017
006712
008584
007669
003007
008132
007847
002019
001525
001108
005967
000510
001147
008283
007185
000603
004410
000339
004837
008223
001865
004193
006580
000550
007559
005874
004779
001778
005548
004153
000254
007205
008682
001825
000309
006391
006367
004569
001716
003557
002896
000783
003241
001579
005731
007190
002381
006764
002216
008643
006321
005156
007966
001768
006897
001039
002087
005841
002667
001549
002382
004497
000371
002915
001075
004972
000841
006477
005562
000868
001042
000956
003385
007914
002841
001245
006244
008612
005636
008641
004029
003503
007169
002030
003968
003855
002884
004394
001221
004592
005809
008681
006563
003469
002394
001996
003635
008194
005812
004102
003298
000713
005274
002854
006239
007997
003773
002470
005002
002266
008454
005573
003849
003167
008010
005724
005231
001510
007445
004816
003526
000255
006920
003061
003824
004126
006210
002722
004851
006088
008684
008789
005914
004258
003884
005503
003547
008558
001132
003881
001444
004363
005541
002500
005982
005707
007246
001101
003128
005851
003628
005200
006200
000528
007557
003928
004753
005430
002964
006876
001163
003874
005279
008468
002633
001636
003815
000216
002025
006086
002673
007713
007368
001172
002613
003383
002115
006175
000481
004230
005461
005858
001466
005666
003634
004527
000062
005910
004977
001079
007569
007354
008100
006229
002192
001840
008766
006278
003515
002043
005873
008439
002705
005872
007070
002165
001497
000740
004939
003774
004010
000830
005519
002947
001060
006599
005568
001376
008462
007438
005241
007184
005366
006692
005549
000458
003762
001366
003984
000621
001924
007746
005099
007622
005210
008740
006238
001836
001792
005220
006343
002118
004261
007321
000519
004019
002279
003496
003135
005810
004752
000850
003094
008324
003698
003892
005896
000962
006158
005207
008713
000200
003418
004105
002459
007416
000936
008393
008190
001276
002258
004436
006008
008169
000656
005855
005947
008209
006328
007794
001956
003562
004045
004238
007361
004811
007720
002151
006978
001514
002293
006235
008124
000478
007391
000310
005931
003915
007962
007664
005755
007357
003541
002835
007474
003476
003764
003685
000679
004361
008706
008728
001799
002012
000385
002546
008260
002456
006075
008442
005805
000040
002886
004604
001807
003676
003316
000764
001019
001985
006310
007626
004004
002472
001093
005622
000350
008011
004927
003112
002099
004694
007402
004250
003520
000274
002945
005846
006010
004983
004384
007989
004598
002324
007929
000464
000920
006685
006949
003643
004825
003121
001339
008737
008606
008690
003291
006834
004356
006286
008238
004934
000114
003015
003300
003747
004579
001687
000224
003349
004435
003817
000025
002866
004644
003475
000028
003640
006126
001798
004872
000789
006070
003700
001089
003704
005150
000484
001494
007050
004280
003257
000524
000260
005662
008478
001432
007273
007735
000859
006300
008092
001489
006356
008452
001978
002510
005499
002430
005422
005478
003427
008615
008166
003926
001884
003448
004142
007683
002894
006863
004729
007163
008617
004662
002827
003794
005892
001520
003737
002981
008613
004544
006095
002562
005758
007932
003796
003977
000660
004176
006874
007218
006538
001214
008409
004378
000608
005586
006991
006034
006191
001997
008790
000539
004623
000702
004299
007807
003143
001249
003843
007243
005089
004985
008271
002569
006508
007025
000589
008103
001573
003114
008178
000234
002021
001567
007994
001359
005852
006758
005942
005974
004713
006005
001802
007503
000383
001969
006875
005969
007349
001272
000327
008403
005467
006898
002032
005419
003336
005693
008563
000525
000853
005305
004512
008578
005847
001273
000312
003031
000404
008365
001811
000607
000004
002574
000451
007134
001226
007240
005757
001701
003820
006551
008505
006128
008460
008229
002076
004094
000387
007320
000115
000769
006625
001357
008638
005293
008000
008334
003660
001140
003982
007875
002742
001437
008004
001813
004998
007504
000168
004540
005323
004890
001269
005216
005324
008298
008038
006706
001105
001487
006765
004742
001010
008078
008069
004038
001178
006084
007511
002528
004943
000430
001691
007576
005011
003521
000729
000063
004123
000518
002358
007338
000287
003305
001602
006988
002845
004990
000128
001475
005157
006498
007458
006489
000160
007010
005245
007181
008257
007303
002441
008187
005771
002671
003896
000811
005990
007498
008361
005428
002540
005149
003954
004833
001893
004204
001588
008491
003106
003189
002732
003778
003919
003117
000726
004163
005815
008687
001484
007153
004365
001225
002175
007806
004175
005371
003561
004421
001599
005955
000457
004020
006222
005477
004930
001658
004807
004675
001758
003335
008801
002523
007601
000375
008109
008345
008647
004746
007821
006961
001668
002544
003827
006974
008391
001755
004284
006185
007111
001628
004138
001925
001483
003081
008332
003327
008609
002630
002870
002664
008128
007173
004471
005659
008611
002333
002412
008373
006364
007930
000616
003321
001570
001702
000019
001021
005129
002922
003844
007099
004007
000319
005726
000238
007551
006838
003527
008188
005754
000042
007967
001966
002039
000137
002148
003929
008451
008017
005733
007833
001213
001267
000633
006747
000894
002077
008382
002111
006531
003876
002446
001372
007064
004929
007725
004090
001314
003478
007478
004971
003136
002660
007028
005470
007711
007158
000848
004703
006412
000578
006806
007772
000777
000334
006447
004180
006512
000197
005182
004745
003677
007259
001634
005711
008548
000564
003304
006811
001527
004099
007754
001446
008399
002840
002846
006805
000630
007109
003157
008330
004061
008507
002578
005139
002427
001448
006973
005996
002359
007766
005147
006427
004873
005057
008595
008402
007227
000791
006207
004992
005476
002521
000124
007289
003916
006543
004074
005448
007954
008136
003909
004885
002595
002423
005713
008288
006674
006246
001507
007986
002409
001632
002379
000845
004854
006638
006966
002944
000189
001037
004613
005382
004701
002593
007631
004362
007728
004940
002074
008267
002494
002095
008377
002435
000406
001049
000366
001434
003864
005142
001928
005824
006444
003716
005725
001843
001458
004073
005188
003901
004001
006027
000108
001369
006784
001277
000523
004702
005819
006379
003032
006919
002252
000305
003313
008709
004684
005021
004743
005015
005387
007792
006441
008006
004557
001976
001779
006686
007486
000924
007340
006226
007708
008068
000884
000282
005006
001876
006177
006650
000405
000039
001747
006892
004021
007296
004009
000973
004906
005779
007335
002914
000675
001918
007062
003524
004438
007680
000409
004508
002755
003023
004782
003544
006887
002027
002935
008292
005602
005360
005122
008459
005727
003760
001077
007957
003878
004188
002678
000980
007180
002050
002371
001989
007216
004461
006455
007522
005350
003491
006208
007394
002704
004546
001560
005964
008058
005542
002926
008500
006923
003477
005252
001499
004767
002336
000869
007726
000974
005044
003992
006417
005886
008566
003840
003472
007657
001800
006628
008621
004340
002636
001380
001858
000250
002230
003835
006769
005670
002089
008685
007432
003089
005386
002833
000785
008234
000347
008534
005042
002199
003887
007595
002670
003270
008093
005800
006076
005532
005836
003282
005007
006495
001307
000563
006617
000521
008063
004638
006494
008518
007882
007579
007084
007304
005381
006635
000345
000568
007817
008670
000080
003661
001518
002462
001256
006782
002887
002995
000147
001677
004289
006792
000231
003325
006590
000090
002210
003075
000833
002110
006909
006437
003197
000043
005539
003659
000335
005795
006980
003504
005695
004282
005667
004576
000728
002654
003809
007188
005614
000819
001540
006193
006572
005036
005856
007838
006378
002592
002433
003154
000342
008415
008567
008547
004535
007660
005985
001018
003180
006351
005078
004718
008555
007367
005030
007101
008321
004849
002241
005222
006132
000953
005511
005014
005176
003369
007928
006107
006074
002320
002807
008120
005120
006337
004202
006015
000554
001715
002709
002749
006998
002432
004959
001421
000866
008277
000161
001530
000049
001174
007507
006019
004231
002213
003334
002393
006960
002502
004599
001087
003525
001654
002281
000253
000299
004016
004948
005656
005299
006877
005801
006319
008557
003833
008170
006014
001243
008036
000480
001206
008636
001994
007549
000332
000556
004510
003437
005177
005577
000705
000298
007395
002867
002901
004602
002543
004468
006388
001014
008458
007751
007374
007886
004022
005763
007844
002008
006641
007634
006965
006885
006921
001332
005970
002055
001338
000501
000308
004207
005638
003546
003278
005175
002694
006720
008676
001396
008487
001547
007168
002454
002951
002856
007654
005782
003141
004477
002773
003004
008428
004318
001035
001849
005429
005385
000243
006593
005877
006299
003009
005394
005773
004336
005628
000030
004740
005760
000834
004189
007902
005715
000946
008105
007356
007581
002780
005692
001367
005263
002851
004593
004547
000294
004813
000386
003865
004351
004578
007879
005362
000631
007947
004716
001173
004242
000106
008769
002147
003976
003962
005494
004018
007544
003837
003913
008715
005915
000391
004416
002079
007102
008160
006159
002903
001211
002987
005601
003035
001533
004814
004293
001309
006809
006520
006711
003558
004671
005427
007249
004213
002606
006000
006496
005862
002188
001693
001805
007985
007377
005405
006203
004621
002968
000357
002405
002942
000752
008082
005817
005408
005203
008650
003782
006038
003436
000969
005061
005669
001671
001184
001971
006884
001673
006370
003907
000142
007135
004674
001352
006778
004760
004267
005103
002137
006416
000755
002044
000698
007206
002617
006497
002762
006036
000816
005302
002834
001950
000120
004113
006399
007782
004233
003420
007264
008354
007254
005496
008360
002059
006102
005816
008501
001794
005402
004751
003242
003351
002517
002066
006891
006866
007144
003657
005080
000852
002999
002783
006453
005237
006840
000362
007727
008070
002202
003580
008677
008398
005349
002232
003239
005605
005850
005729
004487
001815
002839
000888
003326
005352
003382
008446
007501
002769
007343
000459
000623
007033
003813
002852
004861
004401
003621
006279
007294
004330
000781
008008
004936
004492
000136
003447
000977
002815
002900
006637
006906
006849
007632
006896
007092
004322
003987
008200
001428
000626
008461
004980
008400
002091
002608
006176
001565
006243
008362
000292
001271
006478
004505
001550
005698
001964
006380
002404
007594
004135
006742
001024
007721
007678
007550
006526
007204
007453
005893
006397
003116
005901
008295
002553
008241
005379
000270
002158
004653
000207
000569
002930
007682
002206
002637
006833
003750
003703
004116
001542
002051
004856
006937
008573
000166
008247
002836
007346
002220
007893
007315
005951
000952
007314
007152
002071
000230
001676
001317
002205
003277
006366
003010
003293
005536
008583
002017
001736
008193
006432
002398
000940
000820
004786
002541
008703
000542
006373
000996
005750
007651
001738
005689
000743
002372
006603
005869
001056
002720
004248
000082
001368
005832
007836
000037
008453
003692
000213
005607
007323
000710
003212
003433
005640
007128
004797
002245
003302
000094
007927
003680
002865
004582
000295
003331
001945
007696
006354
007046
000959
004003
001977
005861
008661
005417
006050
002527
001471
004198
003145
000778
003965
002295
005767
004245
004580
008248
004723
003963
004989
008560
004591
001136
003734
002950
002180
006141
001261
006771
005169
003639
004586
000508
000201
000640
008781
007599
005968
004480
007030
004266
005116
005453
008097
000724
001469
002048
007015
002966
005570
006648
000499
006254
008133
007024
004414
002819
002215
003577
005678
000874
001700
000696
001223
002847
007103
000795
007400
001216
005420
000083
004874
002273
000918
001424
005784
008492
007413
005883
008798
005331
000717
003719
008577
000552
000873
002560
001084
005761
002978
008294
004609
003847
004170
000813
002982
007502
004545
003780
003337
001914
003911
006400
008689
006153
008495
008675
006271
005383
004085
003059
008131
002384
004055
003828
000879
007509
006331
007512
007475
003053
007139
004804
003617
006640
007684
002635
006613
000348
007630
004848
007888
007019
006652
008406
007403
000909
000914
003757
002504
007740
003729
002219
003367
002325
008184
003869
007467
005185
001655
005615
005251
006861
000891
005426
005590
008274
008481
003132
008692
000818
008483
006865
002893
007635
006968
001364
002821
002024
004610
006851
001761
004635
004824
000351
005923
004835
005709
007620
007558
008729
001775
005107
002424
002374
001157
005076
004966
003800
003466
004799
005988
000529
003584
000843
008032
003156
006196
006810
002662
000806
007963
000808
003483
005949
002469
002408
005537
004462
003978
005289
008062
004121
006679
002233
006850
000815
005528
005091
004791
008252
008281
004646
008174
005604
008395
004734
008099
003630
003243
008416
006089
001962
008208
008659
001583
000643
004433
001099
005320
008307
004828
002073
000757
002739
001438
005137
001981
003027
001204
004669
004726
001841
000091
004628
002157
006787
006098
000585
005083
004481
003412
006514
008480
005504
004058
001910
006537
008195
006999
002690
006144
000285
004386
005998
008797
000917
004806
001109
006375
003119
001591
003462
005956
007149
000942
004052
000066
008110
001844
006763
003390
006707
007164
001816
005844
004696
007823
001926
003807
002098
007263
002970
008759
006510
008352
007562
003957
004225
007621
000193
007305
006699
002932
005019
007207
002053
007941
006368
006630
006902
000838
005161
008172
000994
004731
005908
003787
001992
003348
006428
000429
007026
001335
006825
005171
006931
003889
002813
008630
008783
008538
007760
003318
007808
005259
000672
002743
002149
006663
001728
003517
002132
005458
001032
002014
006433
002097
002399
008669
002207
006605
004994
000340
007777
005013
004617
001394
000435
002429
001913
008055
003850
005786
003545
007266
007208
007887
004476
007256
006843
007936
005121
005270
003597
003768
007964
001065
003381
006104
008045
005905
000967
002501
007308
006061
007998
003967
005034
004277
006967
003718
006799
006672
001185
008072
000694
008333
004649
006266
000944
001541
006607
005635
008156
006301
000551
004187
007420
000113
002745
001129
002301
006154
006527
003722
007068
000410
003572
008319
006972
004475
002020
008421
004431
007686
002276
001195
008134
007645
008723
004338
002040
005481
001200
007671
007464
007797
006566
004741
005517
001670
006046
004865
001435
005978
005934
006828
002624
003654
000534
001594
007004
001124
004397
008143
007774
001791
007906
000950
007336
007360
003647
008397
003627
004651
003131
000403
002701
000498
008485
008627
002406
003829
001145
005390
000628
001003
003376
003566
001974
008203
007677
007297
000388
003717
005853
004444
003880
001449
007592
007118
001887
000615
004503
006815
006956
003937
006952
000489
005550
000983
001071
003511
006935
003363
002605
002818
007785
001674
003848
004169
001631
000522
001821
000328
004493
001733
001763
000256
003945
001725
000949
005583
004606
002929
008489
007505
004517
006835
006317
002250
007977
008054
004757
000593
002990
002557
002676
000164
006245
002547
003500
008137
005603
004369
001935
007054
006929
002439
008107
001948
008173
002600
006411
006941
004171
001727
003110
000700
000479
002296
002304
002269
004093
007161
006541
005828
006848
004516
002542
000493
005459
006770
000167
003088
003739
004455
004629
002758
006655
006007
000910
000242
001605
000263
002953
008318
006194
003386
007035
005617
001279
001990
002112
003452
000527
000988
002524
002811
000178
007018
007418
002387
008290
000614
004364
004063
006327
006136
005682
007580
006730
003371
003620
005434
008430
002410
005219
006943
007694
002710
006043
004637
002284
000856
005287
001575
003152
007820
004083
007617
000182
003362
003426
006129
003518
008474
002191
000854
003842
007853
001572
004062
007499
005112
001005
006719
007155
003694
007980
007577
005623
007200
007763
006841
002689
001828
000352
008180
002725
001228
003224
001503
004921
006423
004777
004762
004805
006766
005310
001906
003001
006452
001390
001028
004024
003683
001094
001522
001047
003599
006348
004077
000333
007769
003886
006862
005206
003806
007339
002615
007439
003746
002979
002013
000635
001287
004970
005813
007239
003637
000821
004914
000732
007942
002262
001361
000468
002938
002639
005421
000567
006646
008726
007891
003358
003479
002980
008546
006492
008111
005452
002214
008576
000133
006616
007979
007978
008571
006918
006713
008270
002312
000441
006914
002718
001708
000731
001688
003860
001795
001854
005952
003825
007472
007089
007937
005633
005944
005806
001355
001064
000455
004387
002857
007939
000086
002552
000159
002331
008261
002100
001295
002452
004234
000646
003712
001916
001633
004898
007842
002434
005226
008210
004489
000408
006215
004532
001275
007574
006161
004798
004109
006180
000237
002965
006881
006728
006183
005347
004913
006803
001086
007167
001203
003442
003266
005311
005140
000535
008278
004905
005174
005249
001398
006882
001827
006396
001960
007988
005631
005229
000727
004496
006211
000945
007430
003271
003408
008529
001465
005333
006963
007231
002572
006217
000619
000538
000560
004949
001833
006936
006820
007192
004640
001038
008771
007124
006285
008644
001409
002238
005888
002172
006181
004620
003344
006332
006267
002816
000901
006357
004165
002169
005111
000934
005564
000102
000023
001461
003219
001866
008536
000453
008710
001551
007755
005513
007049
001324
004159
004667
005447
002735
005837
008401
004666
006341
005534
004810
002568
004844
006614
006540
008698
004735
000051
004552
006069
004040
001757
005880
005696
005973
005055
005063
003751
002069
003940
006256
001241
005688
001344
006103
006587
004928
006167
001647
003064
002512
007302
004328
001901
006402
003133
006257
004295
006689
008282
003012
003202
001679
000916
007379
000540
005041
007344
003519
003164
008285
001401
005392
004895
005264
003650
008320
005749
000511
001621
008202
006304
007337
002594
004246
003047
001081
001609
006797
007675
001592
007943
006280
008607
006513
001863
004308
003292
002688
005875
002438
001080
005401
008530
002797
002684
002458
006534
001474
008632
004190
005109
002373
004482
005218
002377
007804
005627
008343
002789
008191
000922
006615
004137
000641
006003
001242
003895
002644
001330
004922
001176
006588
006242
006004
001347
006166
006413
005131
004359
000353
008029
007080
003841
000414
006135
000647
004871
006326
001490
004721
004037
001897
003036
007743
000741
007171
003674
005977
007178
003711
003715
004888
004506
004738
008183
004268
003758
005411
001052
007460
002656
001995
002692
000370
000985
003365
003695
004984
000247
005396
000412
006251
005736
002082
000747
008569
003494
001785
002764
005454
001886
004780
007742
002516
003172
008765
005326
000870
008602
002046
005095
001898
002983
001659
008666
000599
004565
000765
008185
007127
001305
005694
003790
004346
008031
001340
000065
007392
000771
005895
007701
000470
006100
001545
008240
001451
005068
000885
002350
004249
000829
001548
002329
002641
000144
006598
002702
002249
007905
008786
001171
003364
000162
007652
007693
000118
002217
008218
004404
004900
007835
002485
001695
006093
008249
001824
006878
005569
007353
000753
006361
007681
002648
006695
007770
006488
005649
001096
000490
008657
000992
003236
002733
004693
006658
007993
004769
006589
003947
006889
004656
000376
002573
002481
008098
004910
001781
004725
000803
006461
001349
003253
005308
000381
005184
001875
004793
002332
000318
001562
003166
008594
000021
007524
001239
000817
007707
003934
008665
007059
006262
002291
003854
004066
005739
000384
002150
003779
007921
004574
001578
001586
000212
005395
007519
007383
005596
002972
004689
003505
006460
005897
007038
002491
008597
000913
002280
007106
005277
004520
000836
003265
004409
000158
004853
000146
004615
002649
004241
000005
006465
003941
004273
003883
005205
004139
003317
003569
002237
004887
001265
007311
006365
007194
001515
006295
007538
001770
005469
001741
003702
004372
004614
008716
002290
003384
001379
002086
001327
007907
004670
004212
004276
000373
005608
001411
001210
000622
002261
004619
005960
006737
006307
007301
007649
006228
002588
000798
006414
000930
005898
002449
000861
006261
008742
005262
002917
007136
007540
007095
003523
004931
008171
008061
003330
006553
003791
003785
006647
002748
001669
005271
003100
006282
007410
000579
007461
000898
005502
003450
003309
006155
005523
003405
001617
004417
005435
001714
007435
002006
003866
005409
008232
002645
007789
000965
000690
000427
008633
001773
004271
007328
008144
006178
004754
005094
007553
001320
005829
004838
008754
004329
002719
001987
004259
001464
003720
004761
001919
007415
006189
001155
007322
005818
004205
000275
001473
001732
008750
008216
008486
003024
000273
004402
008189
001706
002497
003733
000592
000061
006195
008147
005460
006125
001872
006601
002781
004344
008268
006115
004611
008618
004683
002484
005797
002428
006312
003374
007644
001999
005641
002934
002683
008331
003678
003656
002967
004219
004951
002969
006218
007253
006681
002796
004393
006111
005919
003726
001212
004792
000127
001832
003029
005309
005558
008707
007656
006394
003786
007292
000208
002064
007513
006671
001166
005423
004333
003235
006575
002556
000156
008316
007312
000995
000211
000559
002759
002141
006026
001088
001845
000078
001597
005272
000553
002589
000326
007393
003025
007017
001933
001286
000026
002549
004079
001766
006232
001463
000173
005777
007241
004111
002767
003223
001704
004590
001373
001117
008471
008463
000733
006702
000434
003670
000768
003908
000163
001383
006302
000533
006062
003615
007408
007459
000989
006823
002349
003463
006729
005734
002723
001776
006631
004195
006733
005600
004736
001788
007931
005538
005064
007537
001955
008623
001482
004456
003920
006997
008419
005032
001404
001183
001834
002674
002525
002156
001055
001392
007388
004354
007529
000597
001566
006800
003264
005588
006928
005611
004348
006147
007855
002031
006065
000073
005792
000262
005668
001988
001224
002248
004184
002200
000937
008347
005473
001934
005462
003220
005054
006415
008585
008753
003275
003168
001138
004585
005553
007612
002895
001917
005356
000002
003755
007034
005464
004536
001177
004044
005606
007753
001698
007832
001251
003171
002307
001900
002467
001227
001681
000303
007987
005833
004082
001188
005768
000175
007425
004035
003629
000363
002586
004232
003346
004976
000562
002196
006522
000863
005791
001348
002509
002023
007981
008002
000984
006545
001927
005138
005281
002022
000605
001029
008642
005762
003186
005933
001076
000701
005501
006466
000770
003560
007120
006817
008186
001492
003249
007863
002368
008404
004002
004288
003343
001445
008264
008355
002706
001847
004695
006893
002442
006410
004685
004657
002727
003107
003146
006297
006576
003262
000378
001230
003744
006790
003150
000595
000939
004698
006464
003949
000324
005031
003019
000338
001620
008805
008622
006156
001675
002034
003322
005135
006435
001511
004017
002882
006994
005480
002891
005004
000495
008150
004124
006612
005580
004186
006058
003801
001616
007334
001122
004152
008587
007497
001772
004470
008322
002289
008224
004709
002183
004441
007197
006734
000515
001137
002259
008655
003159
001350
004680
006609
006476
007848
001731
007260
002804
001764
004028
003502
003366
007819
003749
003237
004228
004880
006188
007029
002037
007787
007543
002251
003531
007605
002890
004156
000140
006521
000413
001008
000883
006908
005369
004177
005067
008027
008047
008383
002949
004564
005680
007112
006113
006662
005212
005141
001258
007125
002292
004889
003616
000745
007824
007703
005751
006634
000302
006807
003776
007990
005335
007945
003050
003559
003221
000905
004281
005250
008022
004224
002194
002466
007133
008472
000349
005358
006911
006273
001209
007723
003459
006078
001852
001425
004432
008601
007238
006726
006442
006127
004622
004425
006984
001564
002383
002687
001553
004034
004146
000321
001667
005052
003017
004490
000394
001744
008030
003205
001625
006097
002026
003819
004112
002679
002537
002160
007202
001159
003011
006130
001190
004530
002476
006691
001740
004968
007345
000467
007329
007234
007933
003160
000787
001842
003980
001975
008304
004911
001318
003402
003181
001312
002168
005634
001958
001441
001020
003981
007584
004149
005516
005474
003138
001436
000198
006059
004298
002085
000943
007710
005170
008523
004290
002297
001993
006801
000931
008782
002186
000541
003513
005742
000129
005257
001479
008164
001346
005522
004950
007283
000368
003294
006438
006955
006436
000596
001220
000165
005376
006454
003930
000228
000748
005143
005160
002124
006619
003606
001062
003482
001377
003370
000465
008521
005158
008433
003259
008509
002682
000407
005128
005082
007968
003042
004440
002101
000293
007007
002218
007074
001467
006869
007268
005928
003506
000966
005520
005047
008177
001509
004412
002503
001058
003188
001754
007938
004030
006822
008586
006270
008598
001000
006867
006260
001699
004778
007706
006283
002576
007783
003252
003076
002145
005215
007608
008276
005546
000611
002829
001812
004118
001544
002961
002362
007455
002976
000600
001941
007895
008162
005357
007982
002348
003485
004570
007431
007114
000590
002598
002805
004407
008441
008747
000054
007154
007058
004877
008005
006294
006221
000290
002806
000505
002941
003699
004247
004127
006917
005966
007233
008388
004366
008732
005364
000722
005000
002513
003409
008084
007285
004514
002223
005198
000574
005255
001310
002643
005997
001333
003470
003113
000878
002181
006950
004095
004332
000314
007258
002712
001717
005059
007856
001780
008629
002974
002842
006767
007607
001678
007925
005677
004264
004654
000100
006899
001912
003058
007768
000001
003935
006172
005992
008422
007228
002303
001603
004881
000433
002737
000810
007554
006120
006106
001030
002707
005700
004808
007037
002477
001397
005108
000399
007881
007110
000575
002623
007423
004469
003230
002955
001506
002499
002838
005179
004434
007575
008114
002366
006448
002334
000929
007587
004988
004509
004355
007471
002495
008537
006503
007922
001498
006371
003468
004252
005890
000520
003536
008787
000772
007251
008312
000793
007008
000170
006561
003281
007002
003950
003742
004945
002045
004882
001476
000077
008091
008396
006445
004533
003342
004660
005581
007000
000896
002948
003285
003422
000782
006982
000749
006131
007944
001238
007536
008599
003665
002274
007442
003752
007376
007299
003083
007623
002255
003481
006162
006398
000699
004513
006900
001651
001341
000968
008302
006009
004728
003416
000372
006225
006846
004459
000157
007288
004381
003026
005110
006308
006582
008127
007568
003754
006518
008697
001182
004005
004491
005026
003535
002631
007830
007443
008142
006039
000289
000046
003583
005582
001415
006056
007147
008755
002315
004104
008695
007752
003591
008001
002411
008033
007451
005353
005972
005260
005438
006852
007483
004904
007738
008159
002461
003041
004706
000846
001061
004115
008250
005958
004720
001420
006845
001546
003668
004534
004817
002264
001298
002227
004210
006871
007699
005498
006649
003267
003745
007428
004705
004065
007518
005024
001266
006451
000947
001236
006839
003732
004750
005202
008106
007898
005780
003048
004272
008221
005759
001440
002583
000184
008104
006564
006525
006516
001986
005651
005848
002535
000561
008470
008385
008436
003163
002342
000709
008496
006390
001907
002174
006794
007771
007386
002370
002007
002010
004270
002468
007662
005657
005359
003250
005619
007871
005235
006479
006930
001127
005645
008155
006386
004518
007326
002159
006318
005802
007991
008369
005917
003666
007884
003087
003301
003289
005991
001208
008303
002787
005745
006374
003093
006336
007890
001656
000259
004255
001803
007973
007959
004963
007946
003701
001323
007801
004915
006469
005336
000993
001957
001045
005703
004349
005554
004643
007860
002102
005432
006940
006740
007904
008353
004894
007613
001283
003879
002352
000703
008739
002936
003430
000572
003360
006096
001454
003347
000236
004343
002954
001362
002529
006068
007923
007230
006179
004357
006981
002375
006369
002033
003960
006670
008432
004303
001150
004130
002693
007211
002389
004672
006042
008305
002962
000549
006577
004120
003453
007073
002392
003354
003176
006581
001576
004542
000851
007714
004046
000857
002830
002548
002997
001351
007359
000855
002812
002120
005124
003069
007057
002889
007935
004686
000264
004749
006795
002288
002991
007609
008115
008768
002152
002752
006523
006456
006450
002134
008774
008544
003672
000893
004321
000154
004294
002566
004981
005769
003959
004254
000202
004200
007221
001329
008075
000673
005181
004031
007098
006879
004901
001281
006946
002242
005830
006690
006735
006165
008777
002195
003215
004781
001639
006714
007692
005246
007170
000582
000068
004191
007494
003233
001284
000244
001495
003389
003623
001644
005870
002776
007722
005737
001746
004025
000661
002234
004076
000662
002460
005488
004886
003274
005338
007083
007894
004659
002993
003120
006463
008207
002699
005301
005826
000067
003501
003340
005708
002396
000979
001116
005266
002956
006236
005468
001504
002817
005337
004978
005592
002659
002736
006406
000735
006533
002533
004523
008711
005794
000557
008370
006651
002859
004173
003761
002906
003414
000286
006611
001360
006915
004141
000121
000187
006425
002590
005946
008161
006224
001822
000933
000756
007160
006011
004424
000227
003759
005544
003553
000653
008081
003173
002582
002211
004561
002686
005012
001133
005265
005661
005995
001557
000183
003885
008784
002419
007426
005814
001358
000325
007332
006066
007401
005192
005705
003080
008046
007800
005195
007526
008096
001181
000283
000132
007624
007636
000706
003565
001577
004625
000570
005650
005490
000691
007920
008121
000424
007955
008149
001197
006568
001017
001160
007983
005567
007045
002740
003307
006392
007480
004316
006597
005521
007195
006703
000487
001486
004681
000217
001753
000045
008376
000613
008499
006274
001472
003723
005506
004452
006313
000059
005681
005344
004896
007958
005457
006395
001870
006288
006334
002225
000492
007132
001818
003851
003356
004399
003073
006506
002642
008572
002799
001126
001672
006942
003709
003642
000503
002708
004870
007611
001923
001419
007039
004488
008574
004826
003522
000220
003062
007646
001618
005303
000864
002125
005912
002939
002361
008700
005706
007589
000382
002571
000904
000104
002197
005375
004236
004478
007284
000044
008389
004926
004567
002187
005475
000645
007421
003424
001041
001294
006204
007201
004418
003008
002479
000634
006626
002565
004944
000364
000117
004377
008371
001808
008637
004446
000469
002519
004630
005525
001153
005887
006174
002463
004483
002282
005092
008412
000734
002339
004353
000695
007061
005507
005328
006698
008554
005162
003222
002754
005088
000367
006932
004587
004217
006276
006723
002984
001585
000822
003983
002925
005466
003781
003832
001660
004595
006507
004319
001581
008714
005629
001063
008146
002507
008259
004027
000423
006705
000651
006315
002766
006077
001433
002002
000304
003784
000000
001690
000141
008176
002832
000206
001389
007798
007469
003771
007463
005133
003631
005009
000824
004056
000205
003958
004341
006947
003155
008660
002313
003161
004690
003803
001521
006781
005025
006047
006012
006335
005322
000571
004134
006112
003178
001619
005225
002036
005672
002675
001342
004026
003279
008418
004380
006148
000029
003399
000800
003439
000892
002924
007567
008540
006986
000177
008148
001302
005684
005493
004110
005911
001751
001189
004504
007880
004140
001331
006021
005455
006665
000970
007382
002154
004379
000354
002004
000261
008119
002105
006709
002182
001711
004423
001879
004223
002575
004841
005665
001164
001721
001536
008251
005626
005492
003072
002179
003904
007318
000009
005330
007876
003567
005295
002285
003352
000649
006142
002629
006387
008410
002378
002231
002920
004251
005056
001823
001517
001896
004300
003927
001219
003986
002444
005023
005313
008512
005296
008351
000644
006237
002062
007948
000751
003891
001044
006562
006499
005104
004012
001491
008581
001334
007761
003551
001860
003487
006557
000249
006359
008213
008640
006812
008455
004924
002862
003994
008014
000010
008279
002492
003218
000221
008211
002337
004997
000573
008734
006579
007535
007799
007825
004566
008699
001297
006826
002015
002106
008094
002714
005660
006247
003480
000416
001817
005275
004320
005679
001186
007123
004522
006124
008668
003532
005373
000038
005545
000565
003170
003287
005022
008025
006342
008201
002328
003542
000432
008231
006340
006827
008297
001885
000668
005866
001288
001231
005388
005412
008731
008301
007052
008306
003939
003142
007433
001855
000210
003538
004964
000235
001743
000624
007129
006281
004237
003263
001696
006708
005314
007407
004229
003586
006776
004658
006772
000669
007226
007215
004383
004953
008284
008368
000155
002094
002451
003530
007397
